UNITS=MM
#Layer_Color=32896
#
#Feature symbol names
#
$0 r199.9996
$1 r249.9995
$2 r254
$3 r299.9994
$4 r149.9997
$5 r99.9998
$6 r101.6

#
#Feature attribute names
#
@0 .nomenclature
@1 .string
@2 .string_angle

#
#Feature attribute text strings
#

#
#Layer features
#
A 11.22499914 66.19999968 11.22499914 66.19999968 11.10000066 66.19999968 1 P 0 N
A 14.51500272 54.20000082 14.51500272 54.20000082 14.3900017 54.20000082 1 P 0 N
A 19.02500386 10.2249986 19.02500386 10.2249986 18.90000284 10.2249986 1 P 0 N
A 19.2750059 28.05000486 19.2750059 28.05000486 19.15000488 28.05000486 1 P 0 N
A 29.90000624 9.54999868 29.90000624 9.54999868 29.80000644 9.54999868 0 P 0 N
A 30.00000604 37.95000538 30.00000604 37.95000538 29.90000624 37.95000538 2 P 0 N
A 31.20000618 38.25000478 30.60000738 38.25000478 30.90000678 38.25000478 0 P 0 N
A 31.40000578 28.20000202 31.40000578 28.20000202 31.30000598 28.20000202 0 P 0 N
A 31.77000504 31.1000013 31.77000504 31.1000013 31.67000524 31.1000013 2 P 0 N
A 33.5000092 13.04998914 33.5000092 13.04998914 33.4000094 13.04998914 2 P 0 N
A 40.95000192 22.50000326 40.95000192 22.50000326 40.80000222 22.50000326 3 P 0 N
A 45.68000516 36.34999588 45.68000516 36.34999588 45.63000526 36.34999588 0 P 0 N
A 48.81749952 64.73000008 48.18249952 64.73000008 48.49999952 64.73000008 0 P 0 N
L 0.94600268 25.8539996 0.94600268 27.50000088 4 P 0
L 0.94600268 25.8539996 1.25400308 25.5459992 4 P 0
L 0.94600268 28.49999888 0.94600268 30.45400056 4 P 0
L 0.94600268 30.45400056 3.05400456 30.45400056 4 P 0
L 0.94600268 32.85400084 0.94600268 34.50000212 4 P 0
L 0.94600268 32.85400084 1.25400308 32.54600044 4 P 0
L 0.94600268 35.50000012 0.94600268 37.4540018 4 P 0
L 0.94600268 37.4540018 3.05400456 37.4540018 4 P 0
L 0.94600268 39.85400208 0.94600268 41.50000336 4 P 0
L 0.94600268 39.85400208 1.25400308 39.54600168 4 P 0
L 0.94600268 42.50000136 0.94600268 44.45400304 4 P 0
L 0.94600268 44.45400304 3.05400456 44.45400304 4 P 0
L 0.94600268 46.85400078 0.94600268 48.50000206 4 P 0
L 0.94600268 46.85400078 1.25400308 46.54600038 4 P 0
L 0.94600268 49.50000006 0.94600268 51.45400174 4 P 0
L 0.94600268 51.45400174 3.05400456 51.45400174 4 P 0
L 0.94600268 53.85400202 0.94600268 55.5000033 4 P 0
L 0.94600268 53.85400202 1.25400308 53.54600162 4 P 0
L 0.94600268 56.5000013 0.94600268 58.45400298 4 P 0
L 0.94600268 58.45400298 3.05400456 58.45400298 4 P 0
L 1.25400308 25.5459992 2.74600416 25.5459992 4 P 0
L 1.25400308 32.54600044 2.74600416 32.54600044 4 P 0
L 1.25400308 39.54600168 2.74600416 39.54600168 4 P 0
L 1.25400308 46.54600038 2.74600416 46.54600038 4 P 0
L 1.25400308 53.54600162 2.74600416 53.54600162 4 P 0
L 2.74600416 25.5459992 3.05400456 25.8539996 4 P 0
L 2.74600416 32.54600044 3.05400456 32.85400084 4 P 0
L 2.74600416 39.54600168 3.05400456 39.85400208 4 P 0
L 2.74600416 46.54600038 3.05400456 46.85400078 4 P 0
L 2.74600416 53.54600162 3.05400456 53.85400202 4 P 0
L 3.05400456 25.8539996 3.05400456 27.50000088 4 P 0
L 3.05400456 28.49999888 3.05400456 30.45400056 4 P 0
L 3.05400456 32.85400084 3.05400456 34.50000212 4 P 0
L 3.05400456 35.50000012 3.05400456 37.4540018 4 P 0
L 3.05400456 39.85400208 3.05400456 41.50000336 4 P 0
L 3.05400456 42.50000136 3.05400456 44.45400304 4 P 0
L 3.05400456 46.85400078 3.05400456 48.50000206 4 P 0
L 3.05400456 49.50000006 3.05400456 51.45400174 4 P 0
L 3.05400456 53.85400202 3.05400456 55.5000033 4 P 0
L 3.05400456 56.5000013 3.05400456 58.45400298 4 P 0
L 6.25000274 20.44999974 6.25000274 20.95000128 2 P 0
L 6.25000274 20.44999974 6.75000428 20.44999974 2 P 0
L 6.25000274 24.44999936 6.25000274 24.9500009 2 P 0
L 6.25000274 24.9500009 6.75000428 24.9500009 2 P 0
L 9.13500078 55.70000036 9.13500078 57.50000184 1 P 0
L 10.25000236 20.44999974 10.25000236 20.95000128 2 P 0
L 10.25000236 20.44999974 10.7500039 20.95000128 2 P 0
L 10.25000236 20.95000128 10.7500039 20.95000128 2 P 0
L 10.25000236 24.9500009 10.7500039 24.9500009 2 P 0
L 10.7500039 24.44999936 10.7500039 24.9500009 2 P 0
L 11.75000444 16.70000216 12.60000528 16.70000216 1 P 0
L 11.75000444 19.70000124 12.60000528 19.70000124 1 P 0
L 12.60000528 16.70000216 12.60000528 17.34999578 1 P 0
L 12.60000528 19.04999746 12.60000528 19.70000124 1 P 0
L 13.0499993 63.4000002 14.95000058 63.4000002 1 P 0
L 13.0499993 66.79999848 14.95000058 66.79999848 1 P 0
L 14.13500094 55.70000036 14.13500094 57.50000184 1 P 0
L 18.16999922 40.45000038 21.04999854 40.45000038 1 P 0
L 18.16999922 42.15000206 21.04999854 42.15000206 1 P 0
L 18.16999922 42.54999872 21.04999854 42.54999872 1 P 0
L 18.16999922 44.2500004 21.04999854 44.2500004 1 P 0
L 19.00000518 20.00000318 19.00000518 20.4250036 1 P 0
L 19.00000518 20.00000318 19.3750057 20.00000318 1 P 0
L 19.00000518 26.9750032 19.00000518 27.40000362 1 P 0
L 19.00000518 27.40000362 19.3750057 27.40000362 1 P 0
L 19.26999702 40.70000242 19.26999702 41.90000002 1 P 0
L 19.26999702 40.70000242 19.86999582 41.30000122 1 P 0
L 19.26999702 41.90000002 19.86999582 41.30000122 1 P 0
L 19.26999702 42.80000076 19.26999702 43.99999836 1 P 0
L 19.26999702 42.80000076 19.86999582 43.39999956 1 P 0
L 19.26999702 43.99999836 19.86999582 43.39999956 1 P 0
L 19.75000368 10.44999942 19.75000368 13.5499983 1 P 0
L 19.75000368 10.44999942 22.05000162 10.44999942 1 P 0
L 19.75000368 13.5499983 22.05000162 13.5499983 1 P 0
L 19.86999836 40.70000242 19.86999836 41.90000002 1 P 0
L 19.86999836 42.80000076 19.86999836 43.99999836 1 P 0
L 21.25000322 31.00000404 21.65000242 31.00000404 4 P 0
L 21.25000322 33.50000412 21.65000242 33.50000412 4 P 0
L 22.05000162 10.44999942 22.05000162 13.5499983 1 P 0
L 22.80000012 69.4500008 22.80000012 69.7000003 0 P 0
L 22.80000012 69.4500008 27.40000108 69.4500008 0 P 0
L 22.80000012 72.10000058 22.80000012 72.35000008 0 P 0
L 22.80000012 72.35000008 27.40000108 72.35000008 0 P 0
L 23.2000044 3.70000022 61.7000036 3.80000002 2 P 0
L 23.2000044 8.74999774 61.8000034 8.75000028 2 P 0
L 23.3000042 45.20000104 23.3000042 45.50000044 5 P 0
L 23.3000042 45.20000104 24.30000474 45.20000104 5 P 0
L 23.3000042 48.10000032 23.3000042 48.39999972 5 P 0
L 23.3000042 48.39999972 24.30000474 48.39999972 5 P 0
L 24.41999942 69.6500004 24.41999942 72.15000048 0 P 0
L 24.41999942 69.6500004 25.66999946 70.90000044 0 P 0
L 24.41999942 72.15000048 25.66999946 70.90000044 0 P 0
L 25.05000578 49.40000026 25.35000518 49.40000026 1 P 0
L 25.05000578 54.40000042 25.35000518 54.40000042 1 P 0
L 25.50000234 45.20000104 26.50000288 45.20000104 5 P 0
L 25.50000234 48.39999972 26.50000288 48.39999972 5 P 0
L 25.66999946 69.6500004 25.66999946 72.15000048 0 P 0
L 25.77500306 48.17500144 25.77500306 48.39999972 5 P 0
L 25.77500306 48.17500144 26.50000288 48.17500144 5 P 0
L 25.77500306 48.25000002 25.77500306 48.32500114 5 P 0
L 25.77500306 48.25000002 26.50000288 48.25000002 5 P 0
L 25.77500306 48.32500114 26.50000288 48.32500114 5 P 0
L 25.9250053 20.00000318 26.30000582 20.00000318 1 P 0
L 25.9250053 27.40000362 26.30000582 27.40000362 1 P 0
L 26.30000582 20.00000318 26.30000582 20.4250036 1 P 0
L 26.30000582 26.9750032 26.30000582 27.40000362 1 P 0
L 26.50000288 45.20000104 26.50000288 45.50000044 5 P 0
L 26.50000288 48.10000032 26.50000288 48.39999972 5 P 0
L 26.50000288 48.17500144 26.50000288 48.25000002 5 P 0
L 27.05000432 41.75000032 29.93000364 41.75000032 1 P 0
L 27.05000432 43.450002 29.93000364 43.450002 1 P 0
L 27.40000108 69.4500008 27.40000108 69.7000003 0 P 0
L 27.40000108 72.10000058 27.40000108 72.35000008 0 P 0
L 28.2300045 42.00000236 28.2300045 43.19999996 1 P 0
L 28.23000704 42.60000116 28.83000584 42.00000236 1 P 0
L 28.23000704 42.60000116 28.83000584 43.19999996 1 P 0
L 28.47000656 31.90000224 28.47000656 34.50000212 2 P 0
L 28.47000656 31.90000224 31.47000564 31.90000224 2 P 0
L 28.47000656 34.50000212 31.47000564 34.50000212 2 P 0
L 28.83000584 42.00000236 28.83000584 43.19999996 1 P 0
L 29.14999758 64.50000308 29.14999758 64.80000248 5 P 0
L 29.14999758 64.50000308 30.14999812 64.50000308 5 P 0
L 29.14999758 64.57500166 29.8749974 64.57500166 5 P 0
L 29.14999758 64.65000278 29.14999758 64.72500136 5 P 0
L 29.14999758 64.65000278 29.8749974 64.65000278 5 P 0
L 29.14999758 64.72500136 29.8749974 64.72500136 5 P 0
L 29.14999758 67.40000236 29.14999758 67.70000176 5 P 0
L 29.14999758 67.70000176 30.14999812 67.70000176 5 P 0
L 29.8749974 64.50000308 29.8749974 64.72500136 5 P 0
L 29.8749974 64.57500166 29.8749974 64.65000278 5 P 0
L 30.20001072 13.84999008 30.20001072 16.44998996 2 P 0
L 30.20001072 13.84999008 33.2000098 13.84999008 2 P 0
L 30.20001072 16.44998996 33.2000098 16.44998996 2 P 0
L 30.30000798 38.25000478 30.30000798 41.05000426 1 P 0
L 30.30000798 38.25000478 30.60000738 38.25000478 1 P 0
L 30.30000798 41.05000426 31.50000558 41.05000426 1 P 0
L 30.35000026 58.49999984 30.64999966 58.49999984 1 P 0
L 30.35000026 63.5 30.64999966 63.5 1 P 0
L 31.20000618 38.25000478 31.50000558 38.25000478 1 P 0
L 31.34999572 64.50000308 32.34999626 64.50000308 5 P 0
L 31.34999572 67.70000176 32.34999626 67.70000176 5 P 0
L 31.47000564 31.90000224 31.47000564 34.50000212 2 P 0
L 31.50000558 38.25000478 31.50000558 41.05000426 1 P 0
L 31.95000976 49.4000028 32.25000916 49.4000028 1 P 0
L 31.95000976 54.40000296 32.25000916 54.40000296 1 P 0
L 32.34999626 64.50000308 32.34999626 64.80000248 5 P 0
L 32.34999626 67.40000236 32.34999626 67.70000176 5 P 0
L 33.2000098 13.84999008 33.2000098 16.44998996 2 P 0
L 40.50000282 23.00000226 45.50000298 23.00000226 2 P 0
L 40.50000282 28.00000242 45.50000298 28.00000242 2 P 0
L 41.65000052 32.21999906 44.5499998 32.21999906 4 P 0
L 41.65000052 34.18000022 44.5499998 34.18000022 4 P 0
L 42.34999912 16.81999938 45.2499984 16.81999938 4 P 0
L 42.34999912 18.78000054 45.2499984 18.78000054 4 P 0
L 42.75000086 32.4499986 42.75000086 33.95000068 4 P 0
L 42.75000086 32.4499986 43.44999946 33.19999964 4 P 0
L 42.75000086 33.95000068 43.44999946 33.19999964 4 P 0
L 43.23000498 38.89999586 43.23000752 36.74999508 1 P 0
L 43.44999946 17.04999892 43.44999946 18.550001 4 P 0
L 43.44999946 17.04999892 44.14999806 17.79999996 4 P 0
L 43.44999946 18.550001 44.14999806 17.79999996 4 P 0
L 43.44999946 32.4499986 43.44999946 33.95000068 4 P 0
L 44.14999806 17.04999892 44.14999806 18.550001 4 P 0
L 45.63000526 36.74999508 45.63000526 38.79999606 1 P 0
L 46.49999844 64.73000008 46.49999844 67.27000008 1 P 0
L 46.49999844 64.73000008 48.18249952 64.73000008 1 P 0
L 46.49999844 67.27000008 50.5000006 67.27000008 1 P 0
L 46.95000008 48.10000032 47.80000092 48.10000032 1 P 0
L 46.95000008 51.0999994 47.80000092 51.0999994 1 P 0
L 47.80000092 48.10000032 47.80000092 48.74999394 1 P 0
L 47.80000092 50.44999562 47.80000092 51.0999994 1 P 0
L 48.00000306 60.00000192 48.0000056 10.00000032 2 P 0
L 48.00000306 60.00000192 58.00000846 60.00000192 2 P 0
L 48.0000056 10.00000032 58.00000846 10.00000032 2 P 0
L 48.00000814 19.37299656 58.00000846 19.37299656 2 P 0
L 48.00000814 33.37299904 58.00000846 33.37299904 2 P 0
L 48.49992078 25.60011644 48.4999919 23.10000206 6 P 0
L 48.49992078 25.60011644 48.9998385 25.60012914 6 P 0
L 48.49992078 32.30011574 48.4999919 29.80000136 6 P 0
L 48.49992078 32.30011574 48.9998385 32.30012844 6 P 0
L 48.81749952 64.73000008 50.5000006 64.73000008 1 P 0
L 50.5000006 64.73000008 50.5000006 67.27000008 1 P 0
L 55.0000043 25.60010374 55.49992202 25.60011644 6 P 0
L 55.0000043 32.30010304 55.49992202 32.30011574 6 P 0
L 55.49992202 25.60011644 55.49999314 23.10000206 6 P 0
L 55.49992202 32.30011574 55.49999314 29.80000136 6 P 0
L 58.00000846 10.00000032 58.00000846 60.00000192 2 P 0
S P 0
OB 76.26859778 26.4603484 I
OS 76.28711438 26.3492488
OS 76.28711438 26.108533
OS 76.25008118 25.9789168
OS 76.23156458 25.8493006
OS 76.19453138 25.738201
OS 76.15749818 25.6641346
OS 76.12046498 25.5900682
OS 76.10194838 25.553035
OS 76.08343178 25.5345184
OS 76.04639858 25.460452
OS 76.02788198 25.4234188
OS 75.87974918 25.2567694
OS 75.71309978 25.1086366
OS 75.60200018 25.0345702
OS 75.56496698 24.997537
OS 75.54645038 24.997537
OS 65.88078518 19.4240404
OS 65.88078518 19.4055238
OS 65.86226858 19.4055238
OS 65.84375198 19.4055238
OS 65.76968558 19.3684906
OS 65.71413578 19.3314574
OS 65.67710258 19.3129408
OS 65.65858598 19.3129408
OS 65.60303618 19.2944242
OS 65.52896978 19.2759076
OS 65.47341998 19.257391
OS 65.45490338 19.257391
OS 65.25122078 19.2388744
OS 65.06605478 19.2388744
OS 64.89940538 19.257391
OS 64.75127258 19.2944242
OS 64.62165638 19.349974
OS 64.52907338 19.3870072
OS 64.47352358 19.4055238
OS 64.45500698 19.4240404
OS 64.32539078 19.4981068
OS 64.28835758 19.5166234
OS 64.26984098 19.53514
OS 64.17725798 19.627723
OS 64.14022478 19.6647562
OS 64.12170818 19.6832728
OS 63.99209198 19.8499222
OS 63.89950898 20.0165716
OS 63.82544258 20.183221
OS 63.78840938 20.3498704
OS 63.75137618 20.4794866
OS 63.73285958 20.5905862
OS 63.73285958 31.8671956
OS 63.75137618 31.9597786
OS 63.75137618 32.033845
OS 63.76989278 32.0523616
OS 63.76989278 32.126428
OS 63.78840938 32.2004944
OS 63.80692598 32.2560442
OS 63.80692598 32.2745608
OS 63.88099238 32.4597268
OS 63.97357538 32.6263762
OS 64.08467498 32.7559924
OS 64.19577458 32.867092
OS 64.28835758 32.959675
OS 64.38094058 33.0152248
OS 64.43649038 33.052258
OS 64.45500698 33.0707746
OS 64.45500698 33.0892912
OS 64.54758998 33.1263244
OS 64.60313978 33.1633576
OS 64.64017298 33.1818742
OS 64.65868958 33.1818742
OS 64.73275598 33.2003908
OS 64.80682238 33.2189074
OS 64.84385558 33.237424
OS 64.86237218 33.237424
OS 65.06605478 33.2559406
OS 65.25122078 33.2559406
OS 65.43638678 33.237424
OS 65.58451958 33.2003908
OS 65.71413578 33.144841
OS 65.82523538 33.1078078
OS 65.88078518 33.0892912
OS 65.89930178 33.0707746
OS 75.58348358 27.4787614
OS 75.69458318 27.404695
OS 75.73161638 27.3861784
OS 75.75013298 27.3676618
OS 75.84271598 27.2750788
OS 75.87974918 27.2380456
OS 75.89826578 27.219529
OS 76.02788198 27.0528796
OS 76.12046498 26.9047468
OS 76.19453138 26.7380974
OS 76.23156458 26.5899646
OS 76.26859778 26.4603484
OE
OB 75.34276778 26.2566658 H
OS 75.32425118 26.2566658
OS 75.32425118 26.3677654
OS 75.28721798 26.4603484
OS 75.23166818 26.6269978
OS 75.15760178 26.7380974
OS 75.13908518 26.756614
OS 75.12056858 26.7751306
OS 75.06501878 26.8306804
OS 75.04650218 26.849197
OS 74.99095238 26.8862302
OS 74.97243578 26.9047468
OS 74.95391918 26.9047468
OS 65.76968558 32.219011
OS 65.75116898 32.219011
OS 65.64006938 32.2745608
OS 65.54748638 32.311594
OS 65.47341998 32.3301106
OS 65.43638678 32.3301106
OS 65.38083698 32.3301106
OS 65.36232038 32.3301106
OS 65.21418758 32.311594
OS 65.08457138 32.2930774
OS 65.01050498 32.2560442
OS 64.97347178 32.2375276
OS 64.80682238 32.0893948
OS 64.69572278 31.9597786
OS 64.64017298 31.848679
OS 64.62165638 31.8116458
OS 64.62165638 31.7931292
OS 64.64017298 31.8116458
OS 64.62165638 31.7746126
OS 64.60313978 31.7190628
OS 64.60313978 31.57093
OS 64.58462318 31.57093
OS 64.58462318 20.9424016
OS 64.60313978 20.831302
OS 64.62165638 20.7202024
OS 64.69572278 20.553553
OS 64.75127258 20.4424534
OS 64.78830578 20.4239368
OS 64.78830578 20.4054202
OS 64.86237218 20.3498704
OS 64.88088878 20.3313538
OS 64.93643858 20.275804
OS 64.97347178 20.2572874
OS 65.06605478 20.2202542
OS 65.15863778 20.183221
OS 65.34380378 20.1647044
OS 65.41787018 20.1647044
OS 65.45490338 20.183221
OS 65.49193658 20.183221
OS 65.51045318 20.183221
OS 65.58451958 20.2017376
OS 65.60303618 20.2202542
OS 65.62155278 20.2202542
OS 65.69561918 20.2387708
OS 65.71413578 20.2572874
OS 65.73265238 20.2572874
OS 65.75116898 20.2572874
OS 74.93540258 25.5715516
OS 75.04650218 25.645618
OS 75.12056858 25.7196844
OS 75.17611838 25.7752342
OS 75.19463498 25.7937508
OS 75.19463498 25.830784
OS 75.21315158 25.8493006
OS 75.23166818 25.8493006
OS 75.30573458 25.9974334
OS 75.32425118 26.1270496
OS 75.34276778 26.2196326
OS 75.34276778 26.2566658
OE
OB 69.02860718 24.719788 I
OS 74.28732158 26.9973298
OS 74.25028838 25.738201
OS 68.30645978 24.0161572
OS 69.62113838 26.7010642
OS 66.45479978 25.8678172
OS 66.89919818 25.2938026
OS 65.12160458 25.5715516
OS 66.60293258 26.849197
OS 66.41776658 26.0714998
OS 70.82471738 28.2009088
OS 69.02860718 24.719788
OE
SE
