UNITS=MM
#Layer_Color=32768
#
#Feature symbol names
#
$0 r49.9999
$1 r99.9998
$2 r254

#
#Feature attribute names
#

#
#Layer features
#
A 18.32527704 76.86008504 18.32527704 76.86008504 15.12527582 76.86008504 0 P 0 N
A 27.31967358 61.28133032 27.31967358 61.28133032 24.11967236 61.28133032 0 P 0 N
A 37.82527868 76.86008758 37.82527868 76.86008758 34.62527746 76.86008758 0 P 0 N
A 46.81967522 61.28133032 46.81967522 61.28133032 43.619674 61.28133032 0 P 0 N
A 56.20000444 13.99999994 56.20000444 13.99999994 53.00000322 13.99999994 0 P 0 N
A 56.20000444 56.0000023 56.20000444 56.0000023 53.00000322 56.0000023 0 P 0 N
L 11.40000006 62.99999846 11.40000006 67.20000022 0 P 0
L 11.40000006 62.99999846 16.59999982 62.99999846 0 P 0
L 11.40000006 67.20000022 16.59999982 67.20000022 0 P 0
L 13.50000094 65.09999934 14.49999894 65.09999934 0 P 0
L 13.99999994 64.60000034 13.99999994 65.59999834 0 P 0
L 14.62527682 76.86008504 15.62527482 76.86008504 0 P 0
L 15.12527582 76.36008604 15.12527582 77.36008404 0 P 0
L 16.59999982 62.99999846 16.59999982 67.20000022 0 P 0
L 18.22500292 10.19999992 18.22500292 13.80000034 0 P 0
L 18.22500292 10.19999992 23.57500238 10.19999992 0 P 0
L 18.22500292 13.80000034 23.57500238 13.80000034 0 P 0
L 18.25000414 19.25000468 18.25000414 28.15000466 0 P 0
L 18.25000414 19.25000468 27.05000432 19.25000468 0 P 0
L 18.25000414 28.15000466 27.05000432 28.15000466 0 P 0
L 20.40000238 11.99999886 21.40000292 11.99999886 1 P 0
L 20.90000392 11.49999986 20.90000392 12.5000004 1 P 0
L 21.95000436 49.15000076 21.95000436 54.64999992 1 P 0
L 21.95000436 49.15000076 28.45000406 49.15000076 1 P 0
L 21.95000436 54.64999992 28.45000406 54.64999992 1 P 0
L 22.15000396 23.7000034 23.1500045 23.7000034 1 P 0
L 22.6500055 23.2000044 22.6500055 24.20000494 1 P 0
L 23.57500238 10.19999992 23.57500238 13.80000034 0 P 0
L 23.61967336 61.28133032 24.61967136 61.28133032 0 P 0
L 24.11967236 60.78133132 24.11967236 61.78132932 0 P 0
L 24.20000494 0.25000204 24.20000494 26.15000104 1 P 0
L 24.20000494 0.25000204 52.60000402 0.25000204 1 P 0
L 24.20000494 26.15000104 52.60000402 26.15000104 1 P 0
L 24.70000394 51.90000034 25.70000448 51.90000034 1 P 0
L 25.20000548 51.3999988 25.20000548 52.39999934 1 P 0
L 27.05000432 19.25000468 27.05000432 28.15000466 0 P 0
L 27.25000138 58.25000034 27.25000138 63.7499995 1 P 0
L 27.25000138 58.25000034 33.75000108 58.25000034 1 P 0
L 27.25000138 63.7499995 33.75000108 63.7499995 1 P 0
L 27.90000516 8.94999988 27.90000516 11.94999896 0 P 0
L 27.90000516 8.94999988 29.70000664 8.94999988 0 P 0
L 27.90000516 11.94999896 29.70000664 11.94999896 0 P 0
L 28.3000069 10.44999942 29.3000049 10.44999942 0 P 0
L 28.45000406 49.15000076 28.45000406 54.64999992 1 P 0
L 28.8000059 9.95000042 28.8000059 10.94999842 0 P 0
L 28.85000834 49.1500033 28.85000834 54.65000246 1 P 0
L 28.85000834 49.1500033 35.35000804 49.1500033 1 P 0
L 28.85000834 54.65000246 35.35000804 54.65000246 1 P 0
L 28.9000057 26.30000074 28.9000057 28.10000222 0 P 0
L 28.9000057 26.30000074 31.90000478 26.30000074 0 P 0
L 28.9000057 28.10000222 31.90000478 28.10000222 0 P 0
L 29.70000664 8.94999988 29.70000664 11.94999896 0 P 0
L 29.90000624 27.20000148 30.90000424 27.20000148 0 P 0
L 30.00000096 60.99999992 31.0000015 60.99999992 1 P 0
L 30.40000524 26.70000248 30.40000524 27.70000048 0 P 0
L 30.49999996 60.50000092 30.49999996 61.50000146 1 P 0
L 31.60000792 51.90000288 32.60000846 51.90000288 1 P 0
L 31.90000478 26.30000074 31.90000478 28.10000222 0 P 0
L 32.10000946 51.40000134 32.10000946 52.40000188 1 P 0
L 33.75000108 58.25000034 33.75000108 63.7499995 1 P 0
L 34.12527846 76.86008758 35.12527646 76.86008758 0 P 0
L 34.62527746 76.36008858 34.62527746 77.36008658 0 P 0
L 35.35000804 49.1500033 35.35000804 54.65000246 1 P 0
L 37.90000548 13.20000154 38.90000348 13.20000154 0 P 0
L 38.40000448 12.70000254 38.40000448 13.70000054 0 P 0
L 40.00000382 22.50000326 40.00000382 28.50000142 2 P 0
L 40.00000382 22.50000326 46.00000198 22.50000326 2 P 0
L 40.00000382 28.50000142 46.00000198 28.50000142 2 P 0
L 43.119675 61.28133032 44.119673 61.28133032 0 P 0
L 43.13000518 36.19499746 43.13000518 39.40499612 0 P 0
L 43.13000518 36.19499746 45.7300076 36.19499746 0 P 0
L 43.13000518 39.40499612 45.7300076 39.40499612 0 P 0
L 43.619674 60.78133132 43.619674 61.78132932 0 P 0
L 43.93000612 37.79999552 44.93000666 37.79999552 1 P 0
L 44.43000512 37.29999652 44.43000512 38.29999706 1 P 0
L 45.7300076 36.19499746 45.7300076 39.40499612 0 P 0
L 46.00000198 22.50000326 46.00000198 28.50000142 2 P 0
L 49.60999984 60.4399985 49.60999984 69.76000018 0 P 0
L 49.60999984 60.4399985 56.39000152 60.4399985 0 P 0
L 49.60999984 69.76000018 56.39000152 69.76000018 0 P 0
L 52.50000168 65.09999934 53.49999968 65.09999934 0 P 0
L 52.50000422 13.99999994 53.50000222 13.99999994 0 P 0
L 52.50000422 56.0000023 53.50000222 56.0000023 0 P 0
L 52.60000402 0.25000204 52.60000402 26.15000104 1 P 0
L 53.00000068 64.60000034 53.00000068 65.59999834 0 P 0
L 53.00000322 13.50000094 53.00000322 14.49999894 0 P 0
L 53.00000322 55.5000033 53.00000322 56.5000013 0 P 0
L 56.39000152 60.4399985 56.39000152 69.76000018 0 P 0
L 58.9542001 51.54908918 63.35419892 59.17011026 0 P 0
L 58.9542001 51.54908918 72.63740108 43.64908974 0 P 0
L 63.35419892 59.17011026 77.0373999 51.27011082 0 P 0
L 66.20999966 0.03999992 66.20999966 10.43999944 0 P 0
L 66.20999966 0.03999992 76.60999918 0.03999992 0 P 0
L 66.20999966 10.43999944 76.60999918 10.43999944 0 P 0
L 67.56278842 51.6595995 68.42881158 51.1596005 0 P 0
L 67.7458005 50.97658842 68.2457995 51.84261158 0 P 0
L 70.91000042 5.23999968 71.90999842 5.23999968 0 P 0
L 71.40999942 4.74000068 71.40999942 5.73999868 0 P 0
L 72.63740108 43.64908974 77.0373999 51.27011082 0 P 0
L 76.60999918 0.03999992 76.60999918 10.43999944 0 P 0
